function DefineDensityLimits(obj)

  obj.DensityLimits = [0.053,...  %<--- HU = -950
                       0.199,...  %<--- HU = -832
                       0.350,...  %<--- HU = -681 
                       0.650,...  %<--- HU = -381
                       0.765,...  %<--- HU = -266
                       0.850,...  %<--- HU = -181
                       0.907,...  %<--- HU = -120
                       0.945,...  %<--- HU = -83
                       0.971,...  %<--- HU = -53
                       0.997,...  %<--- HU = -23
                       1.024,...  %<--- HU = 7
                       1.030,...  %<--- HU = 18
                       1.060,...  %<--- HU = 80
                       1.088,...  %<--- HU = 120
                       1.111,...  %<--- HU = 159
                       1.135,...  %<--- HU = 200
                       1.165,...  %<--- HU = 250
                       1.195,...  %<--- HU = 300
                       1.214,...  %<--- HU = 333
                       1.234,...  %<--- HU = 367
                       1.254,...  %<--- HU = 400
                       1.273,...  %<--- HU = 432
                       1.293,...  %<--- HU = 466
                       1.313,...  %<--- HU = 500
                       1.333,...  %<--- HU = 534
                       1.352,...  %<--- HU = 566
                       1.372,...  %<--- HU = 600
                       1.392,...  %<--- HU = 633
                       1.411,...  %<--- HU = 666
                       1.431,...  %<--- HU = 700
                       1.451,...  %<--- HU = 733
                       1.470,...  %<--- HU = 765
                       1.491,...  %<--- HU = 800
                       1.510,...  %<--- HU = 833
                       1.530,...  %<--- HU = 867
                       1.550,...  %<--- HU = 900
                       1.569,...  %<--- HU = 932
                       1.589,...  %<--- HU = 966
                       1.609,...  %<--- HU = 1000
                       1.629,...  %<--- HU = 1034
                       1.648,...  %<--- HU = 1066
                       1.668,...  %<--- HU = 1100
                       1.688,...  %<--- HU = 1133
                       1.707,...  %<--- HU = 1166
                       1.727,...  %<--- HU = 1200
                       1.747,...  %<--- HU = 1233
                       1.766,...  %<--- HU = 1265
                       1.787,...  %<--- HU = 1300
                       1.806,...  %<--- HU = 1333
                       1.826,...  %<--- HU = 1367
                       1.846,...  %<--- HU = 1400
                       1.865,...  %<--- HU = 1432
                       1.905,...  %<--- HU = 1500
                       1.925,...  %<--- HU = 1534
                       1.944,...  %<--- HU = 1566
                       1.964];    %<--- HU = 1600 
                
end